Success Rate:  0.9
Mean Runtime:  0.0921 0.06614268709524716
Mean Robustness:  0.012973950344444445 0.04539288277175068

Indi:
1 100 0.12 0.00100582
2 100 0.011 0.0010157
3 100 0.034 0.00100078
4 100 0.016 0.00431223
5 100 0.133 0.00101671
6 100 0.19 0.00886023
7 100 0.218 0.00150738
8 100 0.067 0.0883574
9 100 0.143 0.12714
10 100 0.132 0.000952016
11 100 0.211 0.0010022
12 100 0.019 0.0013144
13 100 0.136 0.0010095
14 100 0.184 0.00177906
15 100 0.053 0.00137352
16 100 0.012 0.00327659
17 100 0.035 0.00100015
18 100 0.044 0.00100298
19 100 0.116 0.0277003
20 100 0.043 0.00863357
21 100 0.038 0.0252169
22 100 0.118 0.000993991
23 100 0.034 0.0489175
24 100 0.149 0.00100194
25 100 0.031 0.0010001
26 100 0.026 0.00150208
27 100 0.035 0.0010704
28 100 0.037 0.00100677
29 100 0.021 0.001069
30 100 0.226 0.00100686
31 100 0.181 0.00100426
32 100 0.257 0.0526509
33 100 0.068 0.00100555
34 100 0.031 0.00101844
35 100 0.082 0.00113609
36 100 0.113 0.000999984
37 100 0.093 0.382475
38 100 0.027 0.000974964
39 100 0.021 0.00108251
40 100 0.037 0.000944483
41 100 0.248 0.00110757
42 100 0.156 0.00417058
43 100 0.037 0.00121434
44 100 0.027 0.00102047
45 100 0.086 0.000999993
46 100 0.081 0.032308
47 100 0.04 0.00132924
48 100 0.113 0.000999574
49 100 0.134 0.0197833
50 100 0.194 0.000999988
51 100 0.121 0.00102899
52 100 0.165 0.000999993
53 100 0.081 0.000999972
54 100 0.1 0.00100491
55 100 0.205 0.00639482
56 100 0.126 0.000999991
57 100 0.022 0.00103517
58 100 0.124 0.000997079
59 100 0.031 0.00215759
60 100 0.022 0.0135042
61 100 0.119 0.0264186
62 100 0.125 0.00119358
63 100 0.206 0.12622
64 100 0.073 0.00100009
65 100 0.112 0.00100068
66 100 0.155 0.0342541
67 100 0.082 0.000999992
68 100 0.169 0.00100068
69 100 0.059 0.0010224
70 100 0.117 0.00100234
71 100 0.142 0.000999991
72 100 0.067 0.00111799
73 100 0.262 0.00671555
74 100 0.076 0.00100001
75 100 0.016 0.00117642
76 100 0.051 0.00105333
77 100 0.031 0.00117995
78 100 0.105 0.00100268
79 100 0.046 0.00138853
80 100 0.03 0.00100032
81 100 0.12 0.00101913
82 100 0.02 0.00101156
83 100 0.026 0.00203555
84 100 0.137 0.00100254
85 100 0.022 0.00100001
86 100 0.018 0.001257
87 100 0.066 0.00099999
88 100 0.042 0.00100126
89 100 0.02 0.00144883
90 100 0.12 0.0437384