Success Rate:  0.86
Mean Runtime:  0.3282441860465116 0.1996820965226543
Mean Robustness:  0.2089758023255814 0.032606031724863704

Indi:

False 0 1 0.868 0.19184
True 1 2 0.235 0.200005
True 2 3 0.13 0.217221
True 3 4 0.157 0.200055
True 4 5 0.142 0.200042
True 5 6 0.81 0.2
True 6 7 0.292 0.205665
False 6 8 0.903 1.19926
True 7 9 0.443 0.200007
True 8 10 0.487 0.245585
True 9 11 0.367 0.2
True 10 12 0.145 0.20734
True 11 13 0.337 0.200011
True 12 14 0.148 0.32742
True 13 15 0.377 0.28192
True 14 16 0.293 0.200003
True 15 17 0.145 0.2
True 16 18 0.701 0.200864
True 17 19 0.17 0.2
True 18 20 0.303 0.200001
True 19 21 0.223 0.200001
False 19 22 0.782 2.43383
True 20 23 0.262 0.2
True 21 24 0.137 0.200058
True 22 25 0.283 0.200009
True 23 26 0.268 0.200005
True 24 27 0.398 0.2
True 25 28 0.733 0.200004
True 26 29 0.885 0.200064
True 27 30 0.344 0.200746
True 28 31 0.17 0.225779
True 29 32 0.114 0.200712
True 30 33 0.184 0.226717
True 31 34 0.243 0.2
True 32 35 0.22 0.2
False 32 36 0.994 0.0698773
False 32 37 0.773 2.9448
True 33 38 0.134 0.201231
True 34 39 0.258 0.313701
True 35 40 0.211 0.2
True 36 41 0.672 0.2
True 37 42 0.119 0.200007
True 38 43 0.553 0.200086
True 39 44 0.156 0.202783
False 39 45 0.796 3.5875
True 40 46 0.542 0.200841
True 41 47 0.126 0.200216
True 42 48 0.169 0.200002
True 43 49 0.733 0.200002
True 44 50 0.253 0.2
False 44 51 0.92 2.5568
False 44 52 0.759 1.91731
True 45 53 0.375 0.2
True 46 54 0.35 0.200004
True 47 55 0.135 0.200003
True 48 56 0.28 0.200313
True 49 57 0.429 0.2
True 50 58 0.289 0.20057
False 50 59 0.96 2.96773
True 51 60 0.231 0.215268
True 52 61 0.144 0.200195
True 53 62 0.215 0.200003
True 54 63 0.196 0.2
True 55 64 0.238 0.215067
True 56 65 0.23 0.200016
True 57 66 0.409 0.2
True 58 67 0.332 0.2
True 59 68 0.205 0.2
True 60 69 0.367 0.201755
True 61 70 0.21 0.2
True 62 71 0.464 0.200271
True 63 72 0.174 0.200021
True 64 73 0.113 0.200184
True 65 74 0.78 0.437578
True 66 75 0.218 0.200001
True 67 76 0.393 0.200003
True 68 77 0.167 0.201278
False 68 78 0.873 2.99259
True 69 79 0.311 0.200007
True 70 80 0.862 0.200152
True 71 81 0.274 0.221384
True 72 82 0.882 0.200454
False 72 83 0.963 0.0921941
True 73 84 0.717 0.2
False 73 85 0.973 0.121657
True 74 86 0.442 0.200001
True 75 87 0.521 0.201945
True 76 88 0.277 0.200584
True 77 89 0.429 0.200001
True 78 90 0.118 0.201189
True 79 91 0.127 0.20026
True 80 92 0.172 0.200006
True 81 93 0.305 0.2
True 82 94 0.319 0.200104
True 83 95 0.45 0.200044
True 84 96 0.531 0.200024
False 84 97 0.947 0.111077
True 85 98 0.246 0.214121
False 85 99 0.134 9.45042
True 86 100 0.23 0.20001