9.96791e-06 9.99277e-06 9.93682e-06 -2.46751e-22 -4.66977e-22 3.43324e-11
-0.0158274 -0.000305008 0.0403942 0.00189122 0.463647 8.54121
0.0857847 0.0170711 0.29824 0.0123651 0.463647 16.8821
0.179723 0.0598556 0.556423 0.0163002 0.463647 23.2177
0.259695 0.125283 0.814865 0.0146559 0.463647 30.2711
0.320322 0.209033 1.07346 0.0204997 0.463646 35.317
0.359374 0.304517 1.29166 0.0190949 0.400194 40.7195
0.398423 0.400003 1.07352 0.0272199 -0.400097 44.5095
0.437472 0.495488 1.29166 0.0286108 0.400096 48.1152
0.476524 0.590972 1.07346 0.0303972 -0.400193 51.509
0.537151 0.674722 0.814865 0.0420104 -0.463646 53.9712
0.617123 0.740149 0.556423 0.0335731 -0.463647 57.0503
0.711061 0.782934 0.298239 0.0313602 -0.463647 60.3433
0.812673 0.80031 0.0403941 0.0966285 -0.463647 61.4107
0.796836 0.799995 9.93742e-06 0.0057774 -0.463647 64.2066
0.8 0.8 9.93779e-06 9.2633e-06 1.98838e-06 68.5076